100
30 11 2011
17 8 2030
12 11 2015
7 9 2008
20 4 2013
15 9 2013
21 10 2026
21 7 2028
29 9 2007
30 12 2022
4 2 2027
9 5 2009
6 2 2021
28 6 2019
29 1 2019
19 4 2023
18 1 2000
13 9 2010
30 1 2028
20 7 2015
8 7 2025
6 5 2020
8 9 2009
4 10 2014
13 1 2013
16 5 2008
25 3 2009
25 7 2020
4 5 2014
23 8 2004
27 9 2026
10 11 2021
23 8 2012
8 2 2011
24 5 2028
17 9 2019
12 10 2006
16 6 2014
15 8 2016
25 7 2014
3 4 2007
14 6 2025
11 5 2002
23 5 2015
26 5 2024
10 8 2008
13 8 2029
16 10 2002
26 7 2021
29 11 2010
11 8 2018
2 3 2027
3 7 2014
26 7 2018
31 8 2020
7 9 2029
6 9 2000
13 9 2027
3 6 2011
22 9 2030
22 5 2008
9 3 2000
27 8 2029
6 10 2026
1 12 2014
7 7 2002
17 3 2000
1 2 2023
3 7 2003
1 6 2007
15 1 2013
1 8 2009
31 10 2020
14 9 2021
11 1 2018
27 11 2030
6 1 2025
12 5 2016
10 2 2003
24 7 2015
15 1 2007
7 3 2028
16 5 2002
13 5 2029
12 5 2022
17 4 2006
19 1 2008
20 12 2010
11 12 2012
9 4 2024
27 5 2003
9 9 2006
23 12 2009
11 9 2028
21 9 2023
28 12 2017
3 4 2016
15 10 2029
3 12 2019
6 4 2028
29 7 2020
22 3 2019
12 3 2008
17 5 2010
11 5 2004
7 2 2021
16 10 2024
25 1 2020
9 1 2001
2 6 2024
20 5 2028
28 11 2026
12 7 2022
20 11 2029
26 3 2007
24 4 2022
20 3 2008
14 5 2025
10 5 2027
13 12 2026
26 3 2015
11 12 2022
14 6 2013
3 12 2010
23 3 2012
10 10 2013
2 8 2025
26 6 2012
9 11 2023
10 10 2018
10 8 2024
28 9 2001
9 12 2008
16 8 2006
15 8 2005
5 11 2001
13 12 2006
16 2 2006
18 2 2019
14 11 2011
24 2 2012
16 8 2015
30 3 2001
12 1 2011
17 2 2010
11 11 2021
11 8 2008
12 9 2018
12 7 2000
27 4 2010
21 7 2008
9 9 2005
14 8 2010
19 12 2005
10 4 2030
22 7 2030
30 9 2011
29 10 2003
3 5 2027
30 8 2015
7 11 2013
27 1 2023
3 1 2011
16 1 2005
31 10 2004
14 1 2008
29 8 2018
2 5 2009
16 9 2009
31 3 2002
29 1 2023
3 8 2003
6 12 2011
26 3 2020
10 1 2005
28 10 2006
8 9 2006
7 3 2029
18 3 2006
27 2 2016
25 3 2021
30 11 2009
13 9 2020
16 11 2023
2 9 2019
18 5 2007
4 1 2010
7 10 2021
25 5 2025
9 12 2027
6 10 2010
2 8 2020
14 12 2009
12 2 2006
6 1 2010
4 9 2008
6 12 2002
25 10 2005
21 9 2023
14 9 2009
