100
2 2 2023 8 9 57
21 5 2027 7 34 49
3 8 2012 17 29 51
5 3 2025 13 6 53
12 5 2005 12 36 49
26 10 2007 1 42 45
10 5 2014 13 57 0
6 8 2021 14 3 32
1 1 2010 18 17 15
29 8 2030 9 2 33
5 12 2026 13 33 51
2 1 2019 9 16 45
30 11 2003 17 32 26
11 2 2001 0 27 50
15 9 2003 4 32 50
9 5 2018 22 48 38
5 9 2017 14 19 47
10 5 2005 12 51 33
18 4 2009 1 24 42
4 2 2029 1 18 36
30 8 2014 14 48 37
16 5 2008 10 47 45
27 3 2010 7 18 14
14 7 2003 20 0 22
27 2 2019 21 18 13
28 12 2027 8 58 56
13 11 2002 21 43 54
21 7 2006 10 54 53
31 3 2024 17 20 51
15 8 2011 18 52 5
13 4 2001 5 6 38
25 5 2015 21 54 1
24 3 2003 13 19 55
26 5 2027 21 29 10
12 5 2027 8 25 31
16 10 2029 8 22 4
19 6 2022 13 55 14
24 12 2007 11 11 20
1 11 2026 14 12 29
27 4 2003 12 42 9
11 11 2028 19 10 12
18 4 2001 7 48 47
29 4 2012 2 47 41
28 12 2005 7 36 26
28 3 2007 4 30 49
20 7 2006 9 6 33
8 6 2002 4 4 48
30 6 2022 12 32 34
12 4 2012 14 15 50
22 5 2030 17 21 22
6 5 2004 2 21 53
26 9 2023 21 0 17
12 9 2002 17 45 4
29 10 2030 21 31 21
10 4 2015 4 48 49
11 11 2028 8 14 36
18 2 2003 4 28 39
11 5 2019 0 50 52
25 2 2028 7 29 56
26 9 2000 21 43 43
22 7 2009 15 12 0
21 7 2029 4 17 33
11 2 2030 0 57 49
17 12 2021 18 53 0
28 3 2008 4 26 21
21 10 2016 21 20 25
8 5 2030 18 33 40
9 11 2030 22 42 44
1 6 2000 15 21 33
3 7 2010 9 10 39
21 7 2019 6 56 37
10 6 2029 14 25 29
3 3 2012 14 20 0
4 5 2000 11 27 19
16 11 2002 18 40 16
25 6 2022 19 39 54
13 12 2025 20 31 10
24 5 2028 20 8 23
3 2 2019 8 44 31
22 12 2001 14 24 26
16 3 2008 0 44 52
9 2 2011 7 57 43
7 6 2018 16 35 40
13 4 2003 20 57 36
13 6 2005 21 6 42
14 4 2029 13 51 5
5 5 2018 1 33 38
12 9 2027 8 12 40
12 2 2022 8 57 29
14 8 2004 0 21 34
31 5 2008 13 19 22
27 12 2002 10 56 29
4 10 2003 5 39 50
21 4 2002 10 15 58
15 8 2028 17 24 20
16 7 2030 0 20 13
29 3 2004 8 11 52
10 2 2001 15 41 35
21 12 2016 6 13 42
5 4 2022 2 39 38
7 1 2006 13 7 30
16 3 2007 18 48 55
29 4 2028 5 40 45
5 6 2013 18 7 23
13 4 2010 7 39 29
8 12 2021 19 56 12
7 9 2008 20 23 37
4 2 2014 0 42 56
16 10 2003 19 54 36
15 9 2024 13 15 38
3 5 2000 15 57 13
8 9 2008 3 33 52
25 4 2028 11 41 26
22 6 2028 18 42 37
18 11 2006 0 52 55
1 3 2004 22 54 37
28 9 2028 8 42 24
10 9 2020 1 47 32
18 9 2009 7 15 28
1 6 2002 19 20 23
8 7 2008 10 54 18
24 2 2019 13 37 26
21 3 2004 16 16 6
23 10 2005 12 0 53
24 8 2024 20 37 56
2 5 2001 9 48 47
30 7 2000 20 15 39
7 11 2030 0 16 25
17 4 2029 13 7 41
18 7 2020 6 31 9
14 1 2013 20 20 4
13 7 2011 7 25 56
16 3 2006 3 10 38
29 6 2020 1 2 44
2 7 2028 21 54 57
1 6 2021 14 43 30
27 5 2019 15 5 48
14 5 2022 12 57 42
22 1 2006 16 44 48
29 4 2016 18 51 56
9 9 2021 19 19 38
5 6 2003 7 55 22
24 7 2023 14 12 4
7 2 2003 14 51 51
4 11 2020 9 22 43
8 1 2024 22 3 27
21 7 2026 17 53 38
12 8 2010 10 24 21
1 11 2029 9 40 9
10 12 2024 1 3 54
12 1 2008 0 54 42
17 11 2019 4 51 42
27 12 2021 14 3 18
19 12 2025 3 40 19
7 7 2013 4 28 38
27 5 2019 16 36 14
13 8 2002 12 23 41
5 9 2002 17 30 14
7 6 2010 17 5 37
24 10 2028 1 35 36
30 4 2005 17 9 11
21 8 2017 2 19 31
24 6 2010 9 8 18
23 11 2027 5 24 33
30 1 2022 22 58 13
11 9 2017 21 28 15
10 2 2016 11 16 34
7 11 2003 2 37 8
28 8 2017 7 17 43
5 3 2017 2 15 56
11 3 2029 14 32 52
17 9 2002 18 39 49
29 7 2002 1 27 39
9 2 2013 0 8 31
31 5 2010 9 49 5
28 8 2023 2 56 14
11 10 2013 19 25 27
28 9 2002 20 57 37
25 11 2012 1 45 18
19 8 2003 1 30 35
23 11 2009 9 57 19
28 9 2025 3 53 19
25 11 2016 14 3 48
7 6 2016 0 7 48
8 1 2024 10 52 7
9 7 2028 13 57 38
20 10 2015 6 55 37
17 8 2026 5 56 21
7 3 2021 8 53 13
28 9 2024 14 47 34
27 1 2008 22 31 41
28 8 2005 1 48 47
20 5 2018 21 27 27
9 10 2019 2 41 54
30 8 2001 8 17 57
23 8 2018 1 50 46
13 7 2021 8 38 3
8 9 2021 10 0 3
30 11 2010 21 38 47
14 4 2003 7 21 46
