100
3 4 1 1
56.98 56.95 74.34 8.63 29.93 51.06 
86.50 93.56 82.35 58.26 
0 
0 
4 3 2 1
71.46 53.37 29.67 93.51 54.33 13.35 21.35 68.82 
73.81 2.57 49.06 
1 0 
0 
4 3 1 1
37.16 84.82 24.94 66.88 67.22 7.39 73.03 65.11 
51.74 74.74 3.34 
0 
0 
3 4 1 2
32.37 51.23 54.86 46.36 76.81 77.74 
53.93 27.89 97.99 15.77 
0 
1 1 
4 4 1 1
26.45 70.77 73.25 12.08 83.92 48.70 36.30 54.45 
51.37 5.96 94.28 27.72 
0 
0 
4 4 1 2
21.46 55.19 77.82 51.55 42.17 64.98 51.73 94.47 
44.18 80.12 13.38 68.41 
0 
1 0 
4 4 1 2
77.26 40.50 36.63 81.03 29.90 11.22 97.89 34.70 
13.00 61.54 86.40 60.40 
0 
0 1 
3 3 1 1
70.32 1.27 54.46 79.93 56.97 14.41 
90.19 18.69 86.83 
0 
0 
3 3 1 1
56.99 74.60 61.37 19.25 86.45 43.89 
60.72 4.21 25.14 
0 
0 
3 4 1 1
23.41 11.23 53.72 63.74 72.79 80.60 
7.98 60.55 64.79 70.16 
0 
0 
3 3 1 1
69.69 87.74 79.84 3.48 55.81 40.08 
35.60 61.87 15.51 
0 
0 
4 3 2 1
40.90 97.47 55.83 74.58 78.13 2.51 61.48 12.90 
79.46 93.59 83.61 
1 0 
0 
3 3 1 1
98.43 6.72 67.79 68.66 75.06 35.69 
58.82 22.22 24.89 
0 
0 
3 3 1 1
41.86 95.68 37.28 52.70 95.48 52.09 
15.89 99.78 46.80 
0 
0 
3 4 1 1
54.42 81.52 65.06 45.77 57.83 88.60 
94.86 80.42 21.34 66.65 
0 
0 
4 4 1 2
38.69 95.90 61.32 30.95 95.30 28.05 59.17 84.48 
91.23 33.97 44.68 93.75 
0 
0 1 
3 3 1 1
60.20 52.33 16.73 23.66 91.91 39.13 
92.12 99.80 15.87 
0 
0 
4 4 2 1
41.15 94.21 50.63 7.63 84.23 36.03 93.15 54.15 
98.56 80.85 46.06 40.51 
0 0 
0 
3 3 1 1
27.44 70.88 44.86 75.56 74.13 62.52 
37.21 44.83 69.97 
0 
0 
3 3 1 1
93.59 27.18 31.06 3.36 1.91 74.93 
42.43 63.67 71.74 
0 
0 
3 4 1 1
29.06 73.04 67.47 75.91 8.85 46.42 
89.29 44.14 39.37 22.19 
0 
0 
3 3 1 1
26.44 9.82 72.08 16.18 90.42 50.05 
69.28 72.63 27.13 
0 
0 
4 3 2 1
18.08 3.98 27.01 88.40 71.26 74.24 33.99 87.83 
45.19 68.61 93.98 
0 0 
0 
3 4 1 1
31.08 96.57 74.30 33.56 55.99 17.53 
42.58 73.31 19.73 66.81 
0 
0 
3 4 1 1
98.47 60.17 88.30 12.17 55.16 81.61 
52.69 57.15 26.08 50.82 
0 
0 
4 3 1 1
84.53 37.79 80.09 44.88 98.11 87.85 24.67 4.49 
54.05 98.69 15.28 
0 
0 
4 4 2 1
55.17 15.69 58.17 27.79 93.95 25.19 21.65 4.53 
29.64 23.78 20.85 3.60 
1 1 
0 
4 3 2 1
72.82 70.34 69.45 2.04 75.08 65.54 60.74 37.70 
92.41 48.29 56.84 
0 1 
0 
4 4 2 1
22.49 92.04 88.92 29.17 23.41 6.92 91.52 58.74 
35.44 70.05 98.74 81.07 
1 1 
0 
4 4 1 2
20.38 96.53 95.07 88.22 78.78 19.33 11.92 61.17 
18.29 27.40 96.58 99.27 
0 
0 1 
4 3 2 1
76.52 64.04 99.24 77.54 16.54 37.62 42.78 23.68 
44.64 25.14 60.13 
0 0 
0 
3 3 1 1
75.92 89.59 63.01 86.86 51.42 68.86 
88.93 7.51 29.09 
0 
0 
3 4 1 2
16.06 3.07 4.67 43.28 85.40 50.30 
44.28 23.63 70.07 34.65 
0 
1 1 
4 4 1 2
40.47 5.77 36.04 18.82 38.70 94.62 70.43 29.76 
14.18 11.44 34.19 97.63 
0 
0 1 
4 4 2 2
75.48 89.70 83.06 82.07 47.38 53.61 7.48 77.50 
19.03 59.02 69.85 97.90 
1 0 
0 0 
3 3 1 1
14.21 67.95 82.94 96.18 88.06 78.82 
92.92 97.50 55.58 
0 
0 
4 4 2 2
72.89 44.82 88.78 50.98 82.90 59.83 20.14 15.22 
37.30 17.23 74.54 85.57 
1 0 
0 0 
3 4 1 1
5.06 65.03 69.46 58.06 98.31 21.16 
80.48 5.00 7.40 12.31 
0 
0 
3 4 1 2
30.06 61.94 61.35 38.98 63.45 53.29 
65.13 50.21 93.67 67.32 
0 
0 0 
3 3 1 1
51.58 18.66 83.37 76.62 58.52 72.89 
92.44 31.64 43.17 
0 
0 
3 3 1 1
19.28 51.90 62.87 11.67 77.20 30.27 
29.72 41.29 15.49 
0 
0 
4 4 2 2
31.16 77.27 50.84 11.44 26.37 15.19 63.08 82.18 
83.01 9.72 94.30 51.49 
0 1 
0 0 
3 3 1 1
4.11 94.13 48.23 7.32 26.76 15.33 
57.77 84.78 61.62 
0 
0 
3 3 1 1
22.43 68.75 33.62 50.11 70.33 11.09 
72.22 67.66 52.08 
0 
0 
4 4 2 1
70.96 81.23 14.54 85.70 79.29 1.28 17.57 52.52 
72.49 66.42 66.79 67.81 
1 1 
0 
3 3 1 1
65.35 18.68 41.10 45.93 14.26 73.68 
30.38 14.18 35.48 
0 
0 
4 4 1 2
15.03 12.60 46.74 76.52 17.17 36.43 11.73 56.49 
39.19 63.07 99.23 9.92 
0 
1 0 
3 3 1 1
2.73 96.91 14.07 54.91 60.41 46.65 
11.30 48.49 71.22 
0 
0 
3 3 1 1
92.42 2.35 6.45 78.18 22.14 37.84 
20.84 34.80 26.36 
0 
0 
4 3 2 1
72.47 48.91 50.85 17.71 89.17 46.72 84.60 92.81 
51.28 63.21 38.16 
0 0 
0 
4 3 2 1
58.03 85.02 3.57 99.48 59.28 58.04 45.68 39.43 
16.75 31.79 53.60 
1 1 
0 
3 4 1 1
93.58 93.48 49.39 75.40 53.95 32.84 
90.01 59.06 27.29 78.83 
0 
0 
4 3 1 1
28.11 52.57 75.16 33.57 31.12 84.43 25.14 28.54 
58.45 85.20 79.11 
0 
0 
4 3 2 1
44.11 84.25 17.14 23.05 70.69 77.13 66.89 31.66 
63.60 39.21 64.24 
1 1 
0 
4 4 1 1
83.57 75.51 69.25 20.03 8.56 7.87 27.86 76.23 
96.34 27.24 5.19 99.69 
0 
0 
4 3 1 1
6.87 51.23 96.67 44.94 43.98 58.48 94.48 57.62 
49.47 8.19 5.18 
0 
0 
4 4 2 2
72.50 12.02 31.81 53.32 30.04 94.49 47.68 45.57 
25.07 79.29 37.83 97.20 
0 1 
0 0 
4 3 2 1
8.38 8.83 2.49 20.86 74.12 78.56 20.05 67.30 
61.78 10.98 27.26 
1 0 
0 
4 3 1 1
18.77 71.79 51.13 10.27 35.25 8.28 21.47 15.08 
25.08 67.70 92.48 
0 
0 
3 4 1 1
79.45 95.17 58.14 49.56 35.49 52.32 
75.15 3.85 53.10 38.03 
0 
0 
3 3 1 1
58.44 58.37 63.18 3.58 39.53 22.12 
1.04 30.68 34.30 
0 
0 
4 4 2 2
89.36 96.03 64.77 45.56 49.11 19.27 10.21 31.19 
21.67 36.88 9.36 44.03 
0 0 
0 1 
3 3 1 1
11.91 28.95 2.89 67.44 94.83 88.14 
27.09 53.87 25.38 
0 
0 
4 3 2 1
59.45 86.83 62.66 33.80 89.98 37.36 97.81 39.74 
26.34 72.82 63.87 
1 1 
0 
4 3 1 1
51.67 6.32 79.07 17.68 11.37 23.86 86.53 76.38 
88.34 41.10 86.24 
0 
0 
3 4 1 1
77.70 23.24 22.59 51.24 86.04 84.51 
12.48 73.86 74.59 40.64 
0 
0 
3 3 1 1
40.85 42.09 14.11 71.75 24.30 16.33 
3.13 67.17 32.85 
0 
0 
4 4 2 1
68.20 36.40 63.04 99.67 48.78 56.40 96.27 57.65 
74.74 27.35 4.08 75.42 
0 0 
0 
3 4 1 1
6.76 39.97 52.35 93.10 6.38 9.09 
62.80 51.16 42.74 66.02 
0 
0 
4 4 1 2
74.69 91.34 21.13 80.12 57.54 90.94 64.27 91.61 
5.14 6.13 91.11 42.12 
0 
0 1 
4 4 1 2
80.24 92.18 24.70 96.77 74.10 66.01 89.24 60.51 
81.62 6.14 85.92 10.28 
0 
1 0 
4 4 2 1
89.70 10.78 25.47 72.17 58.96 20.65 81.15 41.55 
91.04 18.89 27.25 45.01 
1 0 
0 
4 3 1 1
33.10 9.69 94.99 97.89 73.76 8.76 72.82 29.78 
83.06 98.45 96.03 
0 
0 
3 4 1 1
31.59 36.57 84.56 7.42 83.51 54.21 
51.26 28.54 15.31 8.12 
0 
0 
4 4 2 2
33.88 88.57 31.52 44.47 74.05 30.98 46.56 64.80 
90.10 55.51 3.56 52.18 
0 1 
1 1 
3 3 1 1
2.71 11.65 49.67 98.60 5.81 9.20 
62.05 71.35 16.23 
0 
0 
4 3 2 1
26.10 80.14 6.21 39.89 19.34 91.27 60.37 97.31 
21.26 51.62 37.51 
0 1 
0 
3 4 1 2
57.90 16.15 70.94 58.34 71.16 15.40 
85.29 25.19 32.60 72.32 
0 
0 0 
4 4 1 1
79.77 36.59 66.74 37.44 64.41 8.09 13.45 13.40 
89.12 52.21 79.33 96.81 
0 
0 
3 4 1 2
11.63 82.72 27.67 14.52 98.12 11.16 
72.09 67.45 60.04 11.18 
0 
0 0 
4 4 2 1
84.44 23.21 21.34 90.82 6.35 61.94 65.32 11.61 
23.98 36.36 2.41 71.61 
0 0 
0 
3 4 1 2
5.57 27.47 47.13 53.72 82.98 30.42 
87.06 41.75 79.81 50.75 
0 
0 1 
4 4 1 1
50.75 19.36 86.56 98.87 62.62 22.48 37.23 27.69 
34.65 5.68 91.43 75.81 
0 
0 
4 3 1 1
18.93 20.63 4.36 29.03 73.55 16.91 54.58 4.99 
18.15 55.73 97.25 
0 
0 
3 4 1 1
13.30 23.80 98.59 48.34 19.70 49.94 
57.37 96.70 87.82 52.32 
0 
0 
4 3 2 1
52.81 31.03 78.80 74.74 27.03 93.08 5.10 12.42 
64.72 89.15 79.29 
0 0 
0 
4 4 2 1
3.47 64.10 17.15 93.07 46.14 52.10 81.69 77.19 
76.93 57.39 49.55 38.59 
0 1 
0 
4 3 2 1
67.20 51.29 88.63 2.31 57.21 73.17 56.76 66.94 
41.01 81.92 53.81 
0 0 
0 
4 3 1 1
75.51 25.64 91.06 80.11 59.23 93.30 49.31 91.05 
88.63 75.67 61.53 
0 
0 
3 4 1 1
23.45 50.06 26.49 33.44 44.60 10.59 
7.46 85.86 19.29 40.40 
0 
0 
4 3 2 1
68.65 10.39 73.31 9.47 17.28 99.44 39.95 37.12 
54.24 85.35 33.65 
1 1 
0 
3 3 1 1
25.71 96.76 55.59 97.41 78.84 65.62 
37.02 75.84 2.86 
0 
0 
4 4 2 1
23.36 54.17 25.89 48.09 83.21 78.95 52.61 63.50 
87.08 69.92 80.05 98.91 
1 1 
0 
3 3 1 1
91.12 35.15 18.66 33.46 75.51 57.25 
77.38 48.75 64.83 
0 
0 
4 4 1 2
34.77 61.81 14.40 42.27 38.84 54.93 82.83 85.06 
32.87 42.94 60.33 1.95 
0 
0 0 
3 4 1 1
99.19 23.95 19.13 12.51 71.12 15.43 
30.21 2.52 20.01 14.83 
0 
0 
3 4 1 1
42.75 78.25 17.40 25.36 79.85 77.35 
43.92 73.20 81.41 57.87 
0 
0 
3 4 1 2
8.16 90.53 5.67 17.86 83.39 84.71 
17.40 73.49 42.66 28.78 
0 
0 0 
3 3 1 1
81.21 80.04 97.10 96.31 22.08 56.83 
55.32 92.66 2.14 
0 
0 
3 4 1 2
97.22 86.74 68.28 3.53 14.88 61.44 
41.71 96.00 74.83 56.93 
0 
0 0 
