100
26 1 2005
27 7 1926
14 12 1977
25 7 1973
5 5 1935
27 3 1915
24 4 1989
28 10 1970
11 1 2021
6 8 2013
5 10 1922
5 8 1941
26 5 1920
5 10 1928
27 2 1990
29 12 2003
30 1 1906
23 12 2005
15 2 1900
4 11 1914
11 1 1992
28 3 1915
27 1 2000
8 6 1978
1 12 1911
5 8 2002
6 4 1927
13 7 1992
12 9 1941
23 10 1944
13 7 1973
4 10 1939
2 2 1920
2 8 1939
19 3 2019
21 8 1969
10 8 1931
10 11 2021
6 9 1942
9 3 1980
26 2 1904
31 5 1966
9 10 2016
16 1 1997
16 1 1915
4 9 1982
29 11 1918
10 5 1934
14 4 2001
9 7 1942
24 6 1902
12 9 2014
16 1 2017
11 4 2003
10 1 2010
12 1 1907
16 4 1923
5 6 1936
8 11 1944
6 7 1979
26 9 2016
9 10 1965
18 7 2005
30 9 1942
24 12 1951
13 11 1939
10 2 1982
11 8 2019
17 3 2003
5 9 2010
18 3 1921
24 9 2007
8 1 2002
2 8 2005
5 6 2013
13 9 1942
3 1 1966
7 10 1998
4 4 1956
3 12 1966
25 9 2014
1 5 1967
12 4 1918
11 12 1992
23 3 1943
3 5 1920
28 6 1969
7 3 2020
25 7 1930
30 12 1949
20 10 1920
9 8 1953
22 5 1957
28 1 1939
30 9 1955
29 7 1908
26 1 1915
3 8 1994
21 5 2000
29 5 1932
