100
31 1 2017
11 12 2018
18 10 2018
22 10 2028
13 7 2019
26 10 2017
1 12 2023
1 7 2023
17 12 2025
5 7 2010
2 2 2029
17 1 2026
17 8 2021
22 8 2017
23 9 2016
25 7 2022
13 8 2022
14 3 2024
3 11 2027
10 6 2020
28 6 2013
21 6 2021
19 10 2027
22 12 2013
24 8 2023
13 2 2010
13 11 2013
22 2 2030
19 2 2019
29 7 2029
14 11 2011
28 6 2020
16 9 2011
21 7 2022
15 9 2018
14 12 2024
6 1 2020
25 7 2028
20 10 2019
13 7 2027
9 12 2012
11 10 2015
9 6 2030
7 12 2016
6 6 2024
17 10 2021
8 8 2029
10 10 2025
5 12 2011
23 8 2022
18 7 2013
19 4 2010
22 10 2029
12 4 2027
27 3 2022
19 8 2019
9 2 2011
14 12 2016
17 8 2016
24 10 2027
24 12 2017
8 11 2010
30 9 2015
15 11 2010
13 6 2027
18 1 2022
15 9 2026
30 1 2021
27 7 2028
6 2 2012
16 12 2016
12 11 2014
24 8 2021
15 6 2022
18 3 2021
11 4 2013
9 11 2029
24 8 2029
28 3 2017
22 8 2010
18 8 2027
15 3 2022
26 5 2029
8 11 2021
17 4 2013
15 9 2028
24 11 2016
29 10 2027
20 11 2014
11 10 2030
15 8 2029
5 11 2029
14 4 2017
13 6 2025
5 12 2013
10 7 2025
3 6 2020
8 5 2015
28 4 2030
22 11 2027
