100
22 10 1912
26 5 1974
13 4 1924
31 1 2001
27 7 1927
20 9 1935
8 2 2005
19 4 1968
4 2 1963
27 8 1998
25 6 1921
15 3 2005
23 4 1920
23 6 2000
22 2 1997
2 7 1975
6 6 1968
8 1 1924
2 11 1916
28 6 1971
7 1 1938
20 3 1913
17 6 1909
8 8 1946
27 6 1944
31 12 1906
5 3 1930
17 9 1916
16 3 1949
10 1 2020
12 2 1975
21 12 1989
3 5 1922
6 7 2011
17 12 1962
6 12 1990
16 9 1980
24 7 1958
18 8 1937
1 9 1953
11 9 1978
3 8 1943
22 8 1982
15 10 1926
30 10 1939
15 7 2003
10 12 1984
6 5 1930
2 4 1944
6 1 1970
23 6 1960
8 8 1948
26 9 1953
18 2 1999
1 4 1961
16 3 1915
4 11 1934
1 2 1920
9 6 1964
22 9 1994
3 3 1926
16 6 1925
25 9 1962
1 1 1970
7 10 1968
11 11 1936
3 10 1968
13 1 1962
5 5 2011
1 1 1936
20 8 1918
30 7 2002
2 5 1984
7 4 1943
30 11 1900
7 2 1941
18 8 1901
2 6 1974
3 6 1996
7 1 2002
22 2 1956
26 9 1938
25 9 2013
10 2 1957
1 10 1935
20 6 1949
3 2 1951
29 7 2008
27 1 2017
25 3 1985
3 10 1914
17 2 1989
9 3 1942
10 4 1990
26 1 1907
14 4 1928
7 2 1919
20 3 1927
16 1 1937
21 1 1964
