1000
1 L 57
1 F 6
1 F 57
1 L 90
1 F 32
1 F 16
1 L 26
1 P 3 95
1 F 47
1 F 50
1 L 17
1 L 19
1 F 73
1 F 14
1 F 37
1 P 2 19
1 L 30
1 L 67
1 F 6
1 L 81
1 L 26
1 L 19
1 L 10
1 P 12 1
1 L 38
1 F 4
1 F 65
1 F 42
1 F 46
1 F 62
1 F 89
1 P 16 80
1 F 36
1 F 26
1 L 91
1 L 76
1 F 12
1 L 29
1 L 10
1 P 17 23
1 F 75
1 L 84
1 L 35
1 L 53
1 L 67
1 L 43
1 F 44
1 P 20 40
1 L 31
1 F 48
1 F 26
1 L 28
1 L 47
1 L 49
1 F 79
1 P 13 9
1 F 90
1 F 49
1 L 43
1 L 1
1 L 13
1 F 17
1 F 61
1 P 18 41
1 L 7
1 L 81
1 L 8
1 F 80
1 L 21
1 F 77
1 L 1
1 P 68 18
1 L 63
1 L 23
1 L 85
1 L 18
1 L 16
1 L 14
1 F 29
1 P 55 25
1 F 86
1 F 66
1 L 43
1 L 56
1 L 62
1 L 19
1 L 17
1 P 77 16
1 F 32
1 F 48
1 F 87
1 F 65
1 L 48
1 L 28
1 L 13
1 P 72 46
1 F 79
1 L 8
1 L 53
1 L 96
3 79
4 33 64
3 79
5
1 F 20
2 88
4 5 72
4 24 51
5
2 59
5
4 6 53
2 55
5
5
5
2 53
5
4 43 82
3 53
3 26
5
5
1 F 78
3 13
3 68
4 0 88
2 63
3 96
3 33
3 99
2 85
5
4 25 60
5
2 43
4 40 51
2 25
2 71
5
4 32 69
5
5
1 P 48 70
3 65
2 20
1 F 33
2 28
3 10
4 9 62
1 L 85
3 70
2 41
2 99
4 33 51
3 55
4 2 72
5
1 F 93
3 90
1 F 98
5
1 L 46
5
2 79
3 64
1 F 43
5
3 94
1 L 41
4 3 57
4 7 83
1 F 92
3 87
3 69
1 P 47 31
1 L 59
2 20
2 7
4 20 95
2 1
3 97
2 93
3 86
1 F 68
2 28
4 32 52
3 71
3 9
1 L 96
5
4 37 86
2 84
4 24 57
5
5
2 24
1 F 13
5
3 70
5
3 32
3 81
2 28
4 5 86
5
2 5
3 28
4 40 63
3 44
1 L 57
5
2 41
2 34
3 3
2 89
2 71
4 22 52
3 50
1 F 57
2 81
4 46 80
1 L 78
5
1 F 85
2 73
1 L 7
4 20 80
2 7
2 9
5
5
5
2 57
4 13 85
1 F 16
3 66
3 95
2 89
1 P 33 99
3 96
5
5
2 19
2 31
5
3 90
1 P 25 70
3 90
2 16
4 14 45
1 L 89
2 99
3 52
4 18 62
3 55
3 76
2 60
3 40
4 37 71
3 17
2 91
5
3 2
4 16 56
1 F 65
2 46
2 36
3 2
3 11
4 15 73
1 P 13 35
4 11 62
3 34
5
5
1 L 57
5
3 21
3 71
3 68
1 F 61
3 34
1 L 60
2 75
1 F 44
1 F 29
4 35 57
1 L 33
5
4 38 48
2 76
1 L 89
2 80
3 83
2 61
3 10
3 28
4 4 71
5
1 F 70
5
5
3 50
1 F 55
1 F 70
4 27 52
5
4 29 59
5
2 53
1 P 261 23
1 F 34
1 L 49
3 86
5
4 2 67
5
3 9
5
2 58
1 F 64
2 70
4 32 48
4 19 47
3 93
4 14 76
1 P 24 27
3 49
5
4 22 47
3 39
4 5 63
1 L 21
3 17
5
2 39
3 55
2 57
4 25 82
3 55
1 L 17
1 F 54
5
1 L 94
2 78
1 L 65
2 48
2 63
4 23 73
1 L 10
4 28 62
3 91
4 21 66
5
3 55
2 89
2 32
3 95
2 62
5
5
4 32 58
1 F 32
4 13 53
2 73
2 57
1 P 184 11
2 31
2 2
5
4 25 55
3 98
1 F 28
3 6
5
4 28 63
5
3 64
5
4 40 54
5
1 L 82
4 17 44
1 L 92
4 34 42
4 30 58
5
2 6
5
5
2 96
1 L 28
1 F 72
5
5
4 9 64
4 25 43
5
5
5
1 F 56
5
5
5
3 31
4 36 48
4 17 67
5
2 94
2 22
4 15 58
5
3 98
3 44
1 P 59 74
2 94
3 97
1 F 13
4 24 74
1 L 20
4 8 49
2 95
3 20
3 71
4 29 57
5
3 77
5
4 17 49
2 75
2 95
4 18 80
3 45
5
4 33 71
1 F 67
2 23
1 L 40
4 33 74
2 66
2 99
4 27 41
3 84
1 L 32
2 16
5
2 13
4 20 55
3 15
3 96
1 F 49
5
1 L 22
4 6 68
2 65
2 27
4 3 74
5
1 L 47
1 F 76
5
3 24
1 P 107 95
1 L 28
3 28
2 55
5
5
4 34 48
4 20 51
4 14 42
4 34 65
4 10 76
3 4
4 1 40
5
5
3 47
4 33 50
4 34 74
5
1 F 18
5
2 39
2 41
1 F 21
3 53
1 L 43
5
3 56
3 25
4 8 66
2 7
5
5
5
5
1 F 43
4 36 77
2 80
1 L 70
1 F 85
3 11
4 20 47
2 66
5
2 35
1 F 26
5
1 F 14
5
4 22 73
1 L 57
1 F 66
5
2 17
1 L 78
4 40 73
3 2
3 45
4 26 80
2 36
3 57
5
2 88
1 F 97
5
3 25
3 31
2 70
2 70
3 12
4 36 66
5
5
4 16 63
4 22 66
4 3 80
4 7 73
4 30 74
4 18 79
2 24
5
2 97
5
3 42
5
1 L 5
5
2 88
2 78
1 F 73
2 47
3 68
5
4 10 76
5
3 21
3 81
2 62
3 75
4 23 59
1 L 58
1 F 96
2 16
1 F 53
4 9 55
2 26
2 65
3 60
1 L 32
1 F 78
2 88
2 49
4 11 56
2 52
1 F 53
1 F 47
3 34
4 25 77
5
4 3 47
1 P 135 82
3 32
1 L 23
1 F 21
2 52
1 F 81
1 F 25
5
2 35
2 71
1 F 34
1 F 91
4 33 60
1 L 49
3 20
4 18 63
1 P 499 40
4 34 54
5
3 87
5
3 8
3 27
2 31
1 P 558 30
3 30
2 23
4 24 49
1 F 22
2 93
5
2 13
5
2 93
4 18 46
3 77
5
1 F 59
5
5
2 90
2 11
2 23
3 84
2 3
1 F 90
2 64
2 20
5
2 19
2 22
3 92
3 3
2 9
3 28
1 L 65
2 87
1 F 96
3 20
5
4 9 75
3 92
5
4 21 58
1 P 326 25
1 F 35
3 25
3 34
5
2 59
5
2 33
1 P 114 17
5
2 63
1 L 77
3 88
3 50
3 87
4 16 54
3 18
3 11
5
1 F 11
3 70
4 17 61
3 84
5
1 P 435 57
3 77
5
3 37
1 L 57
4 12 83
2 77
4 9 64
1 P 388 18
5
3 20
4 7 54
1 L 47
3 75
2 19
1 L 3
5
2 17
4 7 53
4 10 66
1 L 38
4 42 52
5
1 F 91
4 2 45
5
3 68
4 36 50
5
1 L 98
2 42
5
3 8
2 51
4 10 48
1 L 47
3 21
5
2 21
3 52
5
5
3 89
2 42
4 6 69
5
4 4 55
2 64
4 14 46
2 12
3 51
4 6 84
1 F 54
4 33 44
5
5
5
4 9 60
1 F 35
5
3 39
1 F 75
2 91
3 62
3 12
3 11
1 F 81
1 F 28
4 24 68
3 41
5
3 94
2 13
1 F 44
4 12 87
2 49
3 63
5
3 64
3 85
3 78
2 95
3 75
5
1 L 86
2 66
2 31
1 F 19
4 22 84
3 20
5
1 F 31
5
1 F 36
2 74
4 38 66
2 7
4 0 64
4 13 79
2 32
2 45
1 F 21
5
4 21 70
2 3
2 40
4 18 45
4 34 78
1 F 38
2 5
1 L 95
3 31
5
5
5
2 22
4 35 54
3 33
2 83
2 2
1 P 633 97
4 24 73
3 26
3 2
1 L 75
4 27 53
3 68
3 70
1 P 479 59
2 24
2 95
2 1
2 21
3 16
2 82
1 L 57
2 64
3 17
1 F 36
4 7 52
1 L 95
4 4 59
2 38
1 L 72
3 80
3 29
5
1 F 82
4 8 83
3 87
1 L 81
1 L 99
5
1 L 93
4 20 51
1 L 14
2 76
4 24 79
1 F 43
3 20
4 27 53
3 95
5
1 L 77
4 2 59
4 35 72
4 41 68
1 L 13
3 23
4 23 75
1 F 40
3 37
1 L 39
5
1 F 24
5
2 25
4 18 46
3 77
5
4 43 80
1 L 76
4 14 47
5
5
4 5 70
1 F 63
5
2 72
4 2 70
4 20 65
1 F 40
2 60
4 17 51
3 56
4 21 70
2 70
3 8
4 25 80
3 37
1 P 174 79
3 37
5
5
1 F 99
1 L 12
1 L 89
4 35 50
3 29
5
4 11 48
5
5
1 L 79
2 74
1 L 88
2 73
5
2 95
5
5
1 L 71
3 36
1 L 99
5
5
4 38 56
2 74
4 25 70
1 L 2
4 21 51
1 F 10
1 P 131 54
1 F 19
1 L 77
4 19 92
2 67
5
2 8
1 L 1
3 31
4 3 55
1 F 4
2 98
4 19 97
2 87
1 L 13
2 28
3 63
5
5
4 34 72
3 20
5
2 47
1 L 13
4 35 79
2 56
5
4 0 54
1 F 72
2 72
2 48
3 61
3 84
4 37 46
3 20
4 19 51
3 35
1 F 57
4 6 63
2 66
5
2 99
4 15 80
1 F 10
1 L 24
5
4 44 70
4 15 67
5
3 30
5
1 F 92
3 71
4 25 48
1 L 96
4 8 47
3 16
5
1 L 95
1 F 86
4 37 59
2 61
2 3
3 36
1 P 647 44
1 L 85
4 42 76
5
1 F 4
4 15 82
5
5
2 85
4 0 62
3 90
3 46
3 5
4 21 76
2 90
4 28 52
3 33
4 24 83
5
1 F 27
5
2 2
3 59
2 7
3 10
1 F 95
5
5
2 65
2 84
5
4 14 55
1 P 361 67
